	sampleID	Age	Female	BMI	AAP.Risk	AAP_NOAAP	invsimpson	sobs	nseqs	pcoa_axis1	pcoa_axis2	pcoa_axis3	pcoa_axis4	nmds_axis1	nmds_axis2	nmds_axis3
86	BP_M_AAP_1	28	M	22.38	med_hi	yes	4.677133	91	7026	0.001703	0.211194	0.541196	0.22385	0.599011	0.337922	-0.023764
87	BP_M_AAP_10	38	M	25.06	med_hi	yes	7.221683	210	23548	-0.69358	0.101362	-0.086331	0.027767	-0.059633	0.440911	-0.559416
88	BP_M_AAP_11	40	M	24.4	med_hi	yes	31.541355	277	13320	0.151471	-0.182604	-0.137195	0.217186	-0.326238	0.007082	0.127549
89	BP_M_AAP_12	27	M	21.22	low	yes	28.492844	199	21405	0.071418	-0.280817	-0.083679	0.140337	-0.395052	-0.127251	-0.040644
90	BP_M_AAP_2	31	M	22.24	low	yes	16.347977	171	16199	0.206433	0.110547	-0.03463	-0.008699	0.17758	-0.014418	0.139319
91	BP_M_AAP_3	49	M	31.32	low	yes	5.567065	78	26421	0.152091	0.328879	0.347559	0.082994	0.471916	0.236657	0.160087
92	BP_M_AAP_4	60	M	36.41	med_hi	yes	14.594817	184	18550	0.144664	-0.017143	-0.162303	-0.022962	-0.200542	-0.177864	0.462971
93	BP_M_AAP_5	52	M	33.39	med_hi	yes	29.21415	206	9435	-0.13335	-0.44267	0.044601	0.119726	-0.537658	-0.112103	-0.411581
94	BP_M_AAP_6	60	M	27.95	low	yes	10.48439	196	22664	0.040589	0.1529	0.529674	0.204284	0.564139	0.215727	-0.066849
95	BP_M_AAP_7	60	M	44.72	med_hi	yes	23.968043	183	26362	0.111889	-0.173245	-0.014483	0.170306	-0.309688	0.037608	-0.022295
96	BP_M_AAP_8	31	M	38.03	med_hi	yes	17.181315	176	21333	0.124328	-0.021721	0.115678	0.339598	-0.145938	0.317571	0.108066
97	BP_M_AAP_9	41	M	39.6	low	yes	12.207269	163	16338	0.219009	0.25138	0.122031	0.196738	0.216802	0.222183	0.182828
1	BP__AAP_1	50	NA	33.14	low	yes	7.193291	137	22427	-0.209494	0.447713	-0.115787	0.074517	0.151266	0.487879	-0.025381
2	BP__AAP_2	26	NA	33.83	med_hi	yes	41.491356	281	14337	-0.018224	-0.258018	-0.161591	0.217477	-0.440741	0.051226	-0.082692
3	BP__AAP_3	30	NA	21.14	low	yes	14.289037	184	19228	0.219272	0.132313	-0.21349	0.015009	-0.066528	0.072174	0.418637
5	BP_F_AAP_1	62	F	26.8	low	yes	6.852022	278	17056	-0.68521	0.136459	-0.095476	0.024604	-0.036404	0.467376	-0.533415
6	BP_F_AAP_10	60	F	30.78	med_hi	yes	12.633934	196	20641	0.218881	0.154497	-0.062157	-0.271335	0.226844	-0.155995	0.319831
7	BP_F_AAP_11	70	F	25.12	med_hi	yes	12.626245	186	29423	0.234179	0.300121	0.180938	0.088249	0.314871	0.166956	0.193994
8	BP_F_AAP_12	68	F	37.49	med_hi	yes	4.36727	143	23173	0.144359	0.316612	-0.147899	0.036561	0.108044	0.330865	0.466446
9	BP_F_AAP_13	41	F	26.57	med_hi	yes	10.090338	222	21172	0.193082	0.221676	-0.186671	0.024836	0.011238	0.187473	0.446092
10	BP_F_AAP_14	58	F	25.01	med_hi	yes	24.987387	268	25048	0.18793	-0.108039	-0.213508	0.060933	-0.202275	-0.121282	0.206232
11	BP_F_AAP_15	61	F	31.75	low	yes	13.682713	162	13405	0.184555	0.085389	-0.100332	-0.184883	0.109878	-0.238468	0.394097
12	BP_F_AAP_16	41	F	21.58	med_hi	yes	27.652839	253	17517	0.162637	-0.027404	-0.154707	0.10403	-0.249345	0.107161	0.315183
13	BP_F_AAP_17	45	F	41.19	med_hi	yes	8.979345	136	21394	0.171435	0.330064	0.277721	0.180483	0.367758	0.306434	0.175936
14	BP_F_AAP_18	53	F	31.55	med_hi	yes	14.755043	124	17922	0.140346	0.154253	-0.022281	-0.06005	0.17594	0.375337	0.298564
15	BP_F_AAP_19	61	F	38.6	med_hi	yes	12.031448	161	15961	-0.293779	0.228969	-0.161837	0.100433	0.009825	0.435959	-0.159352
16	BP_F_AAP_2	52	F	42.57	low	yes	13.142736	176	15247	0.233115	0.265357	0.128776	0.08597	0.257002	0.15022	0.195114
17	BP_F_AAP_20	30	F	35.71	med_hi	yes	18.496723	261	32351	0.005209	-0.062732	0.145567	-0.414601	0.441378	-0.468255	0.029929
18	BP_F_AAP_21	58	F	31.47	unknown	unknown	11.680997	149	21502	-0.072054	-0.175452	0.137225	-0.212425	0.115237	-0.66165	-0.254246
19	BP_F_AAP_22	52	F	29.23	med_hi	yes	10.778653	127	33050	0.197353	0.194155	-0.031231	-0.233939	0.333785	-0.113959	0.312372
20	BP_F_AAP_23	54	F	26.09	low	yes	1.13969	61	11646	-0.112338	-0.017972	0.231718	-0.376003	0.659959	-0.317228	-0.277454
21	BP_F_AAP_24	38	F	31.24	low	yes	9.990781	235	27805	0.220484	0.1219	-0.233549	0.047045	-0.057074	0.108585	0.351375
22	BP_F_AAP_25	60	F	22.13	low	yes	19.476076	193	22639	-0.101203	0.000237	0.15844	-0.065635	0.519769	0.017126	-0.416835
23	BP_F_AAP_26	29	F	46.6	med_hi	yes	9.87638	61	20666	0.206867	0.294834	0.117617	0.029272	0.366432	0.11733	0.239431
24	BP_F_AAP_27	53	F	27.89	med_hi	yes	13.60133	314	23120	-0.602264	0.14424	-0.097181	0.009985	-0.035	0.348571	-0.567948
25	BP_F_AAP_28	53	F	24.8	med_hi	yes	22.813611	223	18915	-0.048053	-0.295341	0.04208	0.06285	-0.281817	-0.183014	-0.459873
26	BP_F_AAP_29	38	F	32.28	med_hi	yes	14.729267	308	21387	-0.351165	0.226135	-0.200144	0.016968	0.006833	0.391407	-0.24486
27	BP_F_AAP_3	53	F	38.41	med_hi	yes	5.276371	109	18204	0.195537	0.351204	-0.096086	-0.121408	0.237679	0.167721	0.446056
28	BP_F_AAP_30	36	F	34.77	med_hi	yes	15.193464	79	21383	-0.191353	-0.065515	0.237146	-0.170068	0.516302	-0.108333	-0.612284
29	BP_F_AAP_31	29	F	22.14	med_hi	yes	15.597259	247	18907	-0.048233	-0.113756	0.011455	0.018391	-0.224381	-0.59848	-0.22702
30	BP_F_AAP_32	35	F	29.86	med_hi	yes	13.928521	207	15118	0.266966	0.136798	-0.070832	0.085809	0.045436	0.058909	0.234917
31	BP_F_AAP_33	39	F	40.68	low	yes	12.312383	157	20427	0.125633	0.165032	0.009605	0.146477	0.00849	0.464098	0.274067
32	BP_F_AAP_34	54	F	36.9	low	yes	24.795112	239	24845	0.116607	-0.249823	-0.142712	-0.009061	-0.327261	-0.257433	0.143146
33	BP_F_AAP_4	48	F	36.61	med_hi	yes	10.501744	195	21080	0.22492	0.198572	-0.17715	-0.050967	0.066846	0.097713	0.400295
34	BP_F_AAP_5	40	F	39.45	med_hi	yes	6.635756	134	21990	-0.025826	-0.111152	0.156439	-0.387829	0.415323	-0.480585	-0.168626
35	BP_F_AAP_6	49	F	23.03	low	yes	19.010819	138	23422	0.078491	-0.030956	0.039691	-0.134426	0.398449	-0.202849	-0.094986
36	BP_F_AAP_7	40	F	34.01	med_hi	yes	16.856349	217	18721	0.19589	-0.057377	-0.165425	-0.036042	-0.122203	-0.128176	0.294015
37	BP_F_AAP_8	33	F	19.52	low	yes	16.369634	114	19373	-0.039647	-0.362961	0.027422	-0.090387	-0.39902	-0.381535	-0.23351
38	BP_F_AAP_9	39	F	23.18	med_hi	yes	17.783199	213	14380	0.217407	0.062018	-0.241176	0.132844	-0.149221	0.102634	0.33771
4	BP__NON_AAP_1	NA	NA	32.48	none	no	12.467966	149	33589	0.042397	-0.195843	0.079477	-0.376887	0.167958	-0.556074	0.021278
39	BP_F_NON_AAP_1	54	F	32.1	none	no	5.485607	148	22963	-0.642691	0.187049	-0.090414	0.029776	-0.020721	0.536342	-0.465474
40	BP_F_NON_AAP_10	56	F	42.28	none	no	16.296634	208	27360	0.223534	0.147203	0.141251	0.213801	0.164544	0.1687	0.119069
41	BP_F_NON_AAP_11	57	F	26.58	none	no	16.514308	177	20564	0.120305	-0.052765	-0.197796	0.112902	-0.344752	0.217017	0.276584
42	BP_F_NON_AAP_12	72	F	35.87	none	no	24.642164	248	17424	0.178798	-0.004297	-0.128258	0.03061	-0.07506	-0.201665	0.269054
43	BP_F_NON_AAP_13	44	F	34.33	none	no	13.09073	125	22169	0.223604	0.090562	-0.038238	-0.186924	0.186033	-0.134701	0.236522
44	BP_F_NON_AAP_14	35	F	22.85	none	no	25.859759	230	13042	0.119684	-0.243987	-0.197865	0.135124	-0.396607	-0.106605	0.152787
45	BP_F_NON_AAP_15	65	F	25.37	none	no	7.126244	157	20715	0.221112	0.305983	-0.141711	-0.097713	0.163071	0.127792	0.418346
46	BP_F_NON_AAP_16	57	F	19.72	none	no	30.63824	348	17222	-0.256652	-0.246932	-0.139099	0.089671	-0.412221	0.126929	-0.346671
47	BP_F_NON_AAP_17	29	F	25.1	none	no	16.549114	169	24029	-0.000669	-0.34161	-0.022604	0.172586	-0.5372	-0.063181	-0.112462
48	BP_F_NON_AAP_18	63	F	29.05	none	no	22.133021	311	14198	0.008393	-0.111432	-0.019021	-0.127209	-0.113676	-0.588597	0.283056
49	BP_F_NON_AAP_19	50	F	22.24	none	no	22.686309	203	23077	-0.187505	-0.225743	0.227796	-0.088124	-0.056622	-0.268865	-0.721425
50	BP_F_NON_AAP_2	55	F	39.1	none	no	25.866255	238	17764	0.2046	-0.04186	-0.139323	-0.071171	-0.025132	-0.216049	0.203088
51	BP_F_NON_AAP_20	27	F	34.7	none	no	11.107753	113	19507	0.010328	0.177017	0.472866	0.209955	0.512095	0.398622	-0.026589
52	BP_F_NON_AAP_21	61	F	20.67	none	no	27.666822	291	21715	0.097815	-0.127578	0.265196	0.138395	0.173551	-0.164277	-0.219172
53	BP_F_NON_AAP_22	58	F	29.53	none	no	22.839172	190	24709	-0.134815	0.014836	0.050591	-0.082316	0.265306	0.034846	-0.403295
54	BP_F_NON_AAP_23	56	F	19.87	none	no	5.063184	156	24339	-0.682684	0.108198	-0.090915	0.017845	-0.051422	0.467018	-0.546145
55	BP_F_NON_AAP_24	24	F	15.95	none	no	14.98414	230	27792	0.114221	0.011439	-0.019563	-0.171215	0.073952	-0.401392	0.386326
56	BP_F_NON_AAP_25	41	F	29.83	none	no	19.670546	256	20943	0.170573	-0.019523	-0.006823	0.270369	-0.133322	0.165959	0.097363
57	BP_F_NON_AAP_26	52	F	21.3	none	no	9.101311	200	27472	-0.169909	-0.182214	0.213154	-0.148701	0.25747	-0.380041	-0.629118
58	BP_F_NON_AAP_27	65	F	33.98	none	no	6.245544	117	26168	0.221257	0.271856	-0.06735	-0.22624	0.267669	0.012518	0.380201
59	BP_F_NON_AAP_28	56	F	29.29	none	no	40.002843	340	22000	-0.075409	-0.298915	0.160484	-0.135974	-0.066004	-0.453833	-0.430069
60	BP_F_NON_AAP_29	71	F	29.05	none	no	13.037969	268	26564	-0.067729	-0.167737	0.043997	-0.021204	-0.557273	-0.437864	-0.057734
61	BP_F_NON_AAP_3	60	F	24.33	none	no	11.486663	195	21299	0.243739	0.161803	-0.163746	-0.0859	0.073784	0.011273	0.361102
62	BP_F_NON_AAP_30	83	F	23.17	none	no	9.488771	278	10312	-0.182197	-0.101123	0.164576	-0.085952	-0.594414	0.565897	-0.11013
63	BP_F_NON_AAP_31	65	F	19.13	none	no	21.934558	189	15773	0.117331	-0.121948	0.114524	0.024828	0.09601	-0.287203	-0.095106
64	BP_F_NON_AAP_32	32	F	22.59	none	no	38.19716	261	20933	0.052967	-0.238504	0.171451	0.157161	-0.072211	-0.225899	-0.285134
65	BP_F_NON_AAP_33	58	F	38.89	none	no	19.877577	187	16796	0.17594	-0.077798	-0.064725	-0.166887	0.057894	-0.341256	0.175981
66	BP_F_NON_AAP_34	43	F	32.43	none	no	12.171995	202	21332	0.136432	0.099292	-0.105595	-0.079556	0.00121	-0.068796	0.540834
67	BP_F_NON_AAP_35	53	F	24.96	none	no	18.712937	214	23683	0.192135	0.127603	0.001187	0.241575	-0.026283	0.296162	0.240467
68	BP_F_NON_AAP_36	44	F	36.04	none	no	37.300188	320	11657	0.016093	-0.357454	0.014207	-0.001867	-0.225367	-0.421971	-0.16816
69	BP_F_NON_AAP_37	72	F	25.39	none	no	27.527293	311	21630	0.067462	-0.158067	0.007762	-0.104624	-0.060424	-0.51671	0.009508
70	BP_F_NON_AAP_38	35	F	20.52	none	no	9.081897	292	25879	-0.672718	0.120377	-0.092539	0.020214	-0.086711	0.442237	-0.538886
71	BP_F_NON_AAP_39	52	F	24.74	none	no	25.384225	189	17598	-0.136368	-0.40275	0.096463	0.001368	-0.340246	-0.267614	-0.516841
72	BP_F_NON_AAP_4	36	F	21.92	none	no	16.815855	199	22512	0.127017	-0.08129	-0.184631	0.081696	-0.371009	0.032942	0.363079
73	BP_F_NON_AAP_40	55	F	25.79	none	no	16.976783	183	27160	0.161134	0.096886	-0.018891	-0.179057	0.377268	-0.214484	0.22562
74	BP_F_NON_AAP_41	59	F	23.66	none	no	13.841956	273	30921	0.0219	-0.138827	0.172525	-0.446835	0.273327	-0.571178	0.029928
75	BP_F_NON_AAP_42	63	F	21.25	none	no	20.694368	231	18105	0.130758	0.022543	0.07312	0.206371	-0.170043	0.394487	0.249564
76	BP_F_NON_AAP_43	56	F	20.63	none	no	23.57699	232	29520	0.045201	-0.003259	0.092269	-0.199784	0.537712	-0.257846	0.020381
77	BP_F_NON_AAP_44	56	F	22.59	none	no	16.012127	187	17779	0.126324	-0.104562	0.034801	-0.304449	0.184003	-0.413142	0.127181
78	BP_F_NON_AAP_45	48	F	20.37	none	no	6.666229	123	21211	-0.208481	-0.208714	0.263296	-0.063624	0.131656	-0.167442	-0.743402
79	BP_F_NON_AAP_46	33	F	34.15	none	no	20.62577	136	10967	0.070336	-0.166139	-0.141847	0.075225	-0.50985	0.040516	0.214722
80	BP_F_NON_AAP_47	56	F	29.08	none	no	17.467923	249	22984	0.105669	0.109534	0.426753	0.237643	0.465244	0.185609	-0.029134
81	BP_F_NON_AAP_5	58	F	31.03	none	no	10.270797	140	28214	0.181029	0.137484	-0.004983	-0.352656	0.291112	-0.244605	0.299366
82	BP_F_NON_AAP_6	35	F	33.52	none	no	5.830606	109	31685	0.207665	0.363404	0.098379	-0.127064	0.357107	0.124473	0.335816
83	BP_F_NON_AAP_7	57	F	27.44	none	no	13.9819	183	19543	0.244581	0.07227	-0.211109	0.014915	-0.031236	-0.014812	0.284882
84	BP_F_NON_AAP_8	54	F	23.43	none	no	46.74965	366	20120	0.068042	-0.280526	-0.093808	0.06953	-0.410679	-0.298425	0.061905
85	BP_F_NON_AAP_9	41	F	24.13	none	no	39.367459	210	4163	-0.073192	-0.379802	0.042914	0.074355	-0.407383	-0.231302	-0.384146
98	BP_M_NON_APP_1	49	M	28.3	none	no	5.85406	120	31232	-0.629578	0.249112	-0.040129	0.032074	0.093127	0.51071	-0.468472
99	BP_M_NON_APP_10	49	M	25.25	none	no	24.843185	210	21692	-0.136549	-0.167057	-0.07164	0.143435	-0.496524	0.244644	-0.159676
100	BP_M_NON_APP_11	49	M	39.02	none	no	6.594393	106	22424	-0.63639	0.187044	-0.032853	-0.045508	0.111772	0.413706	-0.549969
101	BP_M_NON_APP_12	32	M	26.09	none	no	20.725993	238	11992	0.195358	-0.115313	-0.233159	0.100344	-0.209231	-0.066335	0.20208
102	BP_M_NON_APP_13	87	M	22.64	none	no	36.185145	337	27724	0.079276	-0.169595	-0.08164	-0.030873	-0.234171	-0.433761	0.141502
103	BP_M_NON_APP_14	63	M	22.24	none	no	23.224241	208	11944	-0.05686	0.030734	-0.178031	0.062653	-0.256715	0.404524	0.045976
104	BP_M_NON_APP_15	61	M	27.8	none	no	19.401819	201	24921	0.201031	-0.019862	-0.212365	0.041337	-0.185994	0.022589	0.273985
105	BP_M_NON_APP_16	23	M	25.8	none	no	20.683422	234	31701	-0.368513	-0.111327	-0.195018	0.142391	-0.288236	0.259411	-0.347204
106	BP_M_NON_APP_17	61	M	33.9	none	no	15.429467	160	12137	-0.033786	-0.107328	0.067743	-0.094083	0.224652	-0.426813	-0.411582
107	BP_M_NON_APP_18	55	M	27.45	none	no	3.692791	119	19311	-0.666305	0.20655	-0.026162	-0.009742	0.078928	0.512358	-0.523101
108	BP_M_NON_APP_19	34	M	27.12	none	no	21.369149	171	3695	0.072916	-0.289318	-0.182468	0.121629	-0.480173	-0.102513	0.109297
109	BP_M_NON_APP_2	42	M	24	none	no	4.750274	89	23877	-0.583601	0.288194	-0.089145	0.007366	0.079125	0.539097	-0.402745
110	BP_M_NON_APP_20	59	M	25.84	none	no	6.64247	153	20593	-0.648705	0.144856	-0.097652	0.026392	-0.080365	0.498002	-0.488738
111	BP_M_NON_APP_3	65	M	23.05	none	no	34.956604	177	9884	-0.071091	-0.486402	0.000256	0.087179	-0.523023	-0.218397	-0.24577
112	BP_M_NON_APP_4	58	M	25.8	none	no	29.432603	331	23764	0.058774	-0.118159	-0.088774	-0.065744	-0.345355	-0.327683	0.359463
113	BP_M_NON_APP_5	55	M	32.28	none	no	11.347908	138	22690	-0.009108	-0.112778	0.079303	0.132936	-0.527572	0.362068	0.155937
114	BP_M_NON_APP_6	37	M	28.24	none	no	22.046774	227	23985	0.133558	-0.172473	0.03211	0.089374	-0.111167	-0.20762	-0.088128
115	BP_M_NON_APP_7	62	M	28.5	none	no	17.441864	175	32278	0.025988	0.027479	0.448191	0.157764	0.509932	0.084118	-0.195993
116	BP_M_NON_APP_8	31	M	31.47	none	no	7.3301	127	24688	0.215741	0.261757	-0.103693	0.039144	0.100424	0.200417	0.379185
117	BP_M_NON_APP_9	43	M	45.64	none	no	17.133372	142	13474	0.161512	0.159633	-0.035794	-0.066852	0.230441	-0.081969	0.467806